- model: vacancies.vacancy
  pk: 1
  fields:
    vacancy: 1
    candidate: 5
    created_at: 2017-08-30 12:28:53.966284+00:00
    updated_at: 2017-08-30 12:28:53.966320+00:00
    assigned_at: 2017-09-31 12:28:53.966320+00:00
    passed: false
- model: vacancies.vacancy
  pk: 1
  fields:
    vacancy: 1
    candidate: 6
    created_at: 2017-08-30 12:28:53.966284+00:00
    updated_at: 2017-08-30 12:28:53.966320+00:00
    assigned_at: 2017-09-31 12:28:53.966320+00:00
    passed: false

- model: vacancies.vacancyemployee
  pk: 1
  fields:
    interview: 1
    employee: 5
    role: 4
    created_at: 2017-08-30 12:28:53.966284+00:00
    updated_at: 2017-08-30 12:28:53.966320+00:00

- model: vacancies.vacancyemployee
  pk: 2
  fields:
    interview: 1
    employee: 1
    role: 2
    created_at: 2017-08-30 12:28:53.966284+00:00
    updated_at: 2017-08-30 12:28:53.966320+00:00

- model: vacancies.vacancyemployee
  pk: 3
  fields:
    interview: 2
    employee: 4
    role: 4
    created_at: 2017-08-30 12:28:53.966284+00:00
    updated_at: 2017-08-30 12:28:53.966320+00:00

- model: vacancies.vacancyemployee
  pk: 4
  fields:
    interview: 2
    employee: 1
    role: 2
    created_at: 2017-08-30 12:28:53.966284+00:00
    updated_at: 2017-08-30 12:28:53.966320+00:00
